500 2 800
409154 435528 0
409151 435683 0
409277 435420 0
409260 435538 0
409240 435695 0
409213 435897 0
409199 435982 0
409174 436171 0
409469 435389 0
409378 435463 0
409378 435563 0
409351 435734 0
409328 435891 0
409275 435982 0
409289 436065 0
409272 436188 0
409208 436263 0
409754 435326 0
409609 435201 0
409565 435307 0
409577 435510 0
409515 435614 0
409478 435707 0
409442 435810 0
409442 435913 0
409408 436075 1
409344 436201 0
409398 436213 0
409638 435143 0
409683 435349 0
409670 435514 0
409620 435615 0
409688 435618 0
409624 435752 0
409570 435942 0
409541 436090 0
409512 436236 0
409158 435820 0
408777 434870 0
408731 434657 0
408808 434639 0
408840 435022 0
408932 434976 0
408897 434650 0
409050 434674 0
409033 434769 0
408906 434723 0
409262 434873 0
409090 434982 0
409020 435056 0
409262 435017 0
409210 435093 0
409109 435153 0
409192 435244 0
409298 435127 0
409302 435225 0
409264 435295 0
409372 434355 0
409426 434622 0
409452 434831 0
409553 435074 0
409434 435030 0
409479 434592 0
409517 434818 0
409539 434954 0
409038 435235 0
409167 435416 0
408778 434739 0
409411 434362 0
409822 435466 0
409811 435545 0
409765 435617 0
409812 435857 0
409792 435978 0
409837 436155 0
409711 436281 0
409969 435509 0
409944 435714 0
410041 435866 0
409946 436015 0
410015 436193 0
410067 435592 0
410073 436039 0
409645 436119 0
410120 436189 0
409875 435755 0
410180 436398 0
410244 436276 0
410224 436222 0
409573 436533 0
409575 436677 0
409553 436813 0
409546 436882 0
409701 436391 0
409691 436539 0
409680 436697 0
409667 436825 0
409657 436892 0
409858 436418 0
409795 436554 0
409788 436708 0
409768 436873 0
409900 436600 0
409863 436728 0
410006 436607 0
410003 436738 0
410006 436804 0
410120 436627 0
410099 436799 0
410234 436518 0
410205 436634 0
410213 436728 0
410212 436795 0
410320 436562 0
410324 436701 0
410140 436494 0
409026 436332 0
408906 436537 0
408791 436841 0
409016 436511 0
408946 436666 0
409160 436346 0
409102 436513 0
409007 436747 0
408951 436887 0
409261 436338 0
409213 436540 0
409150 436607 0
409057 436848 0
409174 436708 0
409136 436838 0
409322 436406 0
409372 436561 0
409286 436828 0
409355 436788 0
409456 436520 0
409442 436668 0
409429 436834 0
408796 436835 0
408951 436887 0
409662 434465 0
409591 434570 0
409610 434773 0
409684 434946 0
409830 435210 0
409738 434678 0
409700 434754 0
409732 434890 0
409718 435043 0
409810 435094 0
409892 435208 0
409968 435327 0
409770 434593 0
409819 434672 0
409812 434774 0
409823 434877 0
409798 434991 0
409939 435089 0
409972 435164 0
409920 434854 0
409971 435014 0
410079 435087 0
410064 435263 0
410157 435130 0
409962 434875 0
410042 434928 0
410197 435045 0
410307 434939 0
410389 434885 0
409789 434303 0
409837 434359 0
409917 434411 0
410012 434462 0
409942 434312 0
410090 434450 0
410238 434566 0
409965 434199 0
410109 434397 0
410169 434467 0
410037 434213 0
410088 434282 0
410153 434343 0
410115 434226 0
410249 434330 0
410282 434470 0
409547 434042 0
409467 434047 0
409681 433912 0
409762 433858 0
409718 433959 0
409591 434082 0
409796 434120 0
409591 434222 0
409583 433734 0
409634 433883 0
409715 434552 0
409832 434522 0
409987 434568 0
410230 434688 0
410071 434703 0
410047 434778 0
410113 434847 0
409434 434132 0
409490 434182 0
410179 435225 0
410209 435297 0
410298 435298 0
410294 435141 0
410359 435086 0
410430 435251 0
410429 435043 0
410511 435237 0
410492 434950 0
410545 435076 0
410604 435208 0
410637 435315 0
410556 434954 0
410721 435245 0
410684 435340 0
410744 435073 0
410808 435074 0
410830 435132 0
410939 434936 0
410964 434773 0
411148 435075 0
411144 435014 0
411176 434965 0
411173 434890 0
411326 435084 0
411551 435166 0
410816 435249 0
410481 434658 0
411176 435474 0
411217 435493 0
411272 435509 0
411342 435526 0
411459 435554 0
410651 434905 0
410783 434971 0
410920 435029 0
411057 435110 0
411034 435304 0
410556 434848 0
410853 434804 0
410958 434862 0
411069 434818 0
411327 434980 0
411037 434936 0
411269 435392 0
411398 435412 0
411474 435516 0
411561 435330 0
410220 435613 0
410169 435417 0
410228 435388 0
410252 435543 0
410289 435663 0
410348 436049 0
410301 435384 0
410373 435785 0
410394 435919 0
410417 436035 0
410439 436137 0
410482 436373 0
410371 435374 0
410394 435496 0
410416 435631 0
410468 435817 0
410498 435901 0
410507 436128 0
410529 436244 0
410547 436346 0
410430 435369 0
410453 435478 0
410479 435620 0
410502 435734 0
410551 436010 0
410570 436117 0
410591 436231 0
410559 435512 0
410580 435727 0
410597 435874 0
410681 436312 0
410593 435427 0
410622 435569 0
410647 435717 0
410704 436034 0
410718 436100 0
410735 436203 0
410684 435564 0
410709 435710 0
410735 435854 0
410778 436090 0
410735 435556 0
410789 435850 0
410812 435963 0
410837 436079 0
410771 435417 0
410834 435710 0
410847 435782 0
410883 436197 0
410888 435542 0
410885 435668 0
410895 435848 0
410901 435964 0
410955 435841 0
411004 435920 0
411062 435695 0
411123 435729 0
411051 435572 0
411299 435581 0
410744 436290 0
407191 434531 0
407178 434623 0
407319 434153 0
407332 434352 0
407398 434564 0
407288 434536 0
407558 433845 0
407409 434019 0
407399 434317 0
407439 434507 0
407390 434777 0
407500 434876 0
407664 434924 0
407846 434923 0
408069 434921 0
408381 434917 0
407378 434689 0
407493 434671 0
407625 434703 0
407709 434771 0
407917 434722 0
407888 434792 0
407928 434839 0
408122 434634 0
408210 434740 0
408192 434803 0
408292 434842 0
408235 434622 0
407633 434642 0
407856 434609 0
408089 434539 0
407544 433937 0
407474 434116 0
407644 434553 0
407818 434542 0
407649 434014 0
407638 434125 0
407617 434203 0
407547 434366 0
407703 434483 0
407858 434164 0
407767 434214 0
407703 434268 0
407666 434347 0
407698 434420 0
407821 434427 0
407955 434517 0
407873 434382 0
407952 434326 0
408034 434390 0
407246 434266 0
407275 433938 0
407413 433750 0
407351 433708 0
407300 433763 0
407192 433963 0
407158 434149 0
407170 434329 0
407096 434374 0
407084 434156 0
407101 434011 0
407011 434136 0
407005 434344 0
406906 434328 0
406926 434172 0
407200 433724 0
407156 434565 0
407127 434524 0
406746 434273 0
407694 433514 0
407839 433681 0
407782 433454 0
407933 433628 0
407873 433397 0
408016 433564 0
407960 433292 0
408046 433484 0
408121 433547 0
408165 433621 0
408178 433148 0
408159 433341 0
408203 433446 0
408432 433440 0
408259 433586 0
408310 433632 0
408260 433162 0
408298 433266 0
408348 433257 0
408338 433394 0
408346 433540 0
408410 433567 0
408455 433224 0
408602 433425 0
408657 433477 0
408591 433542 0
408608 433603 0
408745 433586 0
407670 433678 0
407608 433396 0
407671 433294 0
408536 433245 0
407788 433274 0
407617 433224 0
407887 433059 0
407553 433546 0
407625 433791 0
407543 433689 0
407391 433476 0
408456 433355 0
408094 433305 0
407931 433784 0
408245 434407 0
408272 434454 0
408392 434637 0
408428 434379 0
408428 434498 0
408489 434590 0
408531 434581 0
408570 434746 0
408508 434788 0
408305 433698 0
408346 433756 0
408391 433914 0
408474 433992 0
408470 434125 0
408505 434233 0
408519 434341 0
408578 434478 0
408600 434315 0
408651 434460 0
408431 433673 0
408487 433708 0
408506 433774 0
408535 433862 0
408574 433948 0
408618 434062 0
408662 434157 0
408703 434274 0
408746 434417 0
408650 433823 0
408717 433801 0
408820 433623 0
408809 433751 0
408872 433690 0
408386 434010 0
408215 434274 0
408231 434104 0
408012 434144 0
408206 434028 0
407977 434067 0
408150 433880 0
407911 433922 0
408138 433801 0
407713 433877 0
409061 433610 0
408962 433786 0
408869 434012 0
409223 433668 0
409096 433937 0
408900 434293 0
408816 434275 0
409406 433531 0
409369 433716 0
409288 433872 0
409131 434030 0
409122 434124 0
409045 434202 0
409037 434325 0
408897 434547 0
409401 433812 0
409366 433893 0
409230 434159 0
409287 434206 0
409275 434314 0
409009 434454 0
409073 434471 0
409148 434442 0
409242 434616 0
408992 434574 0
409064 434594 0
409123 434596 0
409487 433830 0
409267 434380 0
409354 433967 0
409428 433991 0
409214 433933 0
409118 434226 0
409107 434290 0
